72562
99032
58430
40882
55522
46076
54441
16752
87720
58384
86429
53484
03971
91782
05873
79822
33675
90748
53788
36656
09208
70667
47077
70840
42300
89730
20218
08491
34282
29414
38203
64558
01851
96708
96608
59819
22470
19220
42334
34044
94078
33454
02057
82237
15692
73576
54344
50997
12874
34805
04482
90512
14552
45259
87537
87518
64188
81881
85917
00376
46153
19028
39996
17526
62912
95734
07927
47268
48326
39648
93563
09344
96526
51141
95429
27286
70977
58316
01826
49551
70835
58002
76966
13363
23140
65105
19670
35673
80614
94756
05235
85412
19637
01221
01700
14540
62905
15919
88565
18417
26046
55894
35482
35450
48414
22361
18778
92166
97038
37756
62785
85730
96643
14314
75310
07936
88758
17696
16318
02060
64793
86573
88206
19263
83143
62402
97036
13922
85611
78603
07967
09907
49372
69148
05961
74827
32390
69014
24807
90611
56422
10008
18497
39472
37141
27209
21522
65919
11833
62870
53187
83755
05565
05739
86343
33096
42506
15604
63582
14795
36460
42264
40426
21296
38981
39746
09306
41012
99827
23966
98830
77751
57450
20130
00839
43660
17461
32224
28700
75442
40915
35608
90880
10190
80859
19560
05755
48638
10548
85911
80666
57300
33194
40274
86721
76392
81814
14286
33291
22022
66406
85697
42774
33839
47336
38568
56111
20108
39265
15884
82619
60085
40109
67772
77622
39365
33045
22955
36255
14330
26197
87133
96480
49193
19882
48547
59929
87739
12475
10679
25675
50940
99958
15556
31172
47987
38491
53105
83129
99479
56735
99388
11619
51573
39286
28220
41911
35158
32039
02755
40153
07507
38892
08867
45204
44192
83590
70914
61688
24846
48838
72818
96026
30863
42863
73164
89732
89640
62824
50859
43179
84144
91689
04141
89073
23936
66967
60853
52321
78424
88610
37710
64146
28101
47904
66606
51171
04319
00467
70961
82874
74909
57416
18472
13400
47134
25819
65615
04817
94277
37437
61375
93479
99315
93666
87079
19287
56441
03488
21346
71137
85738
69627
28806
09043
52620
02611
86750
70266
77223
40705
82000
32002
53408
77963
44174
11925
01634
76681
56379
35498
54820
51406
73632
47625
52004
26041
22894
71382
60411
39756
53599
31469
93920
40048
73442
93305
20415
52839
54544
85299
72441
47485
11125
66976
01888
97158
27263
81192
02746
42078
36619
54664
37803
89219
38084
02779
66524
14124
10948
87691
52586
93056
94433
54886
01122
65739
83425
26338
06600
50104
70795
36160
72960
96591
79693
96459
83240
84076
89783
65008
95825
77137
75282
92824
55217
46444
59451
12876
93533
72595
60522
46350
91175
34270
70147
88965
00707
23707
67749
00053
72717
11340
66770
63384
16491
45374
72742
78700
58321
03161
95238
85556
51628
91021
31191
76338
75610
35007
25243
52775
92065
13813
77871
21622
21003
35392
72697
10856
44769
80797
60135
62036
47362
74583
41114
18167
15944
86965
98397
97093
58750
93540
57186
11255
79484
46040
27989
76975
24466
92803
27564
27032
85588
67989
53324
53055
28063
85844
21832
44675
42993
85264
60972
49739
75561
89048
32843
21478
84573
53226
07092
84769
95448
86897
20725
95248
83577
82305
20669
02993
67554
18038
78762
98568
07931
76212
01103
50880
66611
87647
99513
31987
13814
24354
04633
50375
95249
67677
98225
76894
21827
30325
64906
56408
96464
04058
72908
78249
27223
63995
48539
41705
82557
41542
68260
03023
38696
65627
01052
42917
19482
46136
00029
83152
10108
04195
73132
29653
40807
28739
38692
08819
33922
93725
38886
51376
51485
50569
79560
64547
70230
04543
44395
19386
87514
58862
99883
23977
73952
13755
40271
59794
55373
27853
76800
65386
74086
12798
65295
81806
24351
54137
26973
71280
35973
63991
05393
75273
91816
47920
63819
86174
30168
47326
52014
52387
09034
16976
96162
54996
27843
72571
07438
92690
84756
07746
93825
48064
30774
04375
32057
87061
26917
46353
82726
94952
64305
67789
24019
39010
67410
14664
16599
09104
21190
18419
49935
50949
02601
45674
02669
07127
48856
17379
43710
25849
33410
80945
31965
31208
49401
56986
54500
65444
99860
71838
61783
25713
24831
13047
42558
01887
27966
70457
85947
24114
02953
27390
69257
23830
36885
16288
41770
93024
38173
10992
97514
21105
25908
87299
14969
60578
24523
93492
72594
11737
81411
35981
41707
24666
54481
27888
45591
18637
78720
42304
39248
31361
45770
26480
62049
74747
94968
03475
82810
08835
96608
50593
91118
25370
90340
12252
72932
51200
78579
79443
60849
02082
48197
67466
50139
62580
85821
23930
76350
85650
75873
73917
38900
45337
52611
62101
15963
86775
68014
03807
92967
12910
12362
66926
76536
49814
03641
33497
13667
31224
39616
46195
61640
87074
25809
93859
45843
96544
69547
90954
82725
38664
26294
27859
79863
25025
82486
51085
77380
34942
31832
90986
09500
45698
92819
85513
40998
08855
13031
14418
31977
60663
85451
82563
99912
34829
77299
87262
30013
29944
43258
17328
47844
12124
08668
44994
69049
06636
80750
16207
98024
44685
08609
52148
40017
15232
76337
99667
93175
53727
75491
40729
68905
75486
02338
45822
76969
12497
68909
06928
07693
45690
52058
51682
15840
29053
61170
82761
88081
58232
60395
09375
15447
57267
90028
66806
68289
14338
74401
14582
93257
82542
50614
49125
26737
68561
58666
90987
50365
36465
36116
31015
66338
86494
06376
05358
54337
27227
43415
84846
34618
64491
74055
80840
60319
95802
57513
97972
97844
71266
59469
93975
43162
34047
30537
33172
32093
67973
67831
27727
87710
99552
80570
96124
53592
47322
99149
54484
26552
90747
81950
28135
33526
05318
68907
47653
67959
08679
05430
63520
87818
66739
55296
03761
68894
60907
04477
82665
70503
94571
65997
67153
51882
88392
74429
80251
51257
37261
17753
21147
40479
50779
64164
15209
42353
02391
50583
75855
62872
78043
68922
57347
52401
00642
63213
35385
61855
65451
13910
64259
04232
43262
18227
80038
05742
19189
15898
20257
56341
20299
09134
14477
55962
29371
50170
97531
36911
15636
30008
14624
53399
97604
54546
19820
05777
14142
31556
09115
50931
32756
37732
28426
34663
19096
12167
54975
93721
43191
13509
80316
91113
75888
08800
22504
80040
29836
20644
48389
30298
13164
63839
26837
34273
05396
83481
74286
61488
09809
82243
04671
38867
73135
29431
21862
70932
95799
62691
77852
30405
73898
73686
50136
05581
23893
05244
88801
66370
50130
14994
21121
10655
77017
82545
