0360684908
0578998105
9785768644
8909630342
3377551454
2675852892
1827088714
2984514364
7707840946
4787328291
4357149552
5619576705
9321731000
1117202433
4420734228
0578633176
3334923521
8342899520
8652979313
3324793018
3760033579
7692719026
5065620161
3096661839
6159314012
0003987829
2302194083
2731503699
6403399227
0798458116
3279663206
0098934311
0323835925
3122419761
7645902662
0296732292
6959624609
6081457941
3735178192
1978708890
2574034208
3840403986
2053696984
3812892080
7762212697
7633682458
1104232602
1945253693
2666126554
0560427982
8476455347
9108271433
6913670773
2840812809
9619727663
3714868701
7396273913
8258377351
5515840301
8768220480
9773935575
6825384701
5742508033
4135094803
2010781032
1665223680
1576677481
7935452217
6771049475
6512335884
1093321770
0231167775
2511733308
0194453112
8601510089
3834146608
3041990938
0680357340
2774331101
3789349146
8695844912
1575861744
3016979331
7464554469
0539781089
8965285369
2622108107
9072203425
0420053092
0170056550
7021902277
1324648990
4908044585
5773662074
8640501453
1839780383
6806800577
3070452597
3888697926
7357235023
5350463215
2017046298
7091192230
4897247766
5592261874
7999491754
6229224361
9619034856
8351075496
0549202951
5912454347
1666865156
4768016551
1312615990
8047008213
4894457607
0160724196
1035782726
9214704647
5814979258
7483289402
2834741918
9489807810
9144570648
0011281394
3739030665
6055649589
8390929970
5875836755
8368703849
8878108404
6324107427
0573394500
9529769049
2295329406
7777020906
7687763509
3974442232
2985953558
0365955593
8634067749
2781221669
5926479834
3972093712
7600569709
2255202362
7848975307
5947282653
2389907103
0074018693
9243234172
4185950260
5584746299
6535452979
6435863832
3915661986
7843441935
4493920379
0266303082
3232246128
7059989259
8065412252
4006117964
0304987927
8548087880
2562282058
0112178924
5939899588
9818649423
1047766710
6560557698
8229799172
0772519610
4943055865
3142442065
8634722431
1095832559
0590946473
8648949730
3246779797
5095136445
3418632455
6258359759
9455929959
9220054821
9477248337
1005056465
6040145002
8997228323
7928203745
7738151125
8720272390
6047062678
5777788483
9956174020
4994884555
0442178304
1260690153
5855472381
1564212343
2837662063
0840149685
0443770183
2155003988
8340111782
3677433276
3027880270
9316664962
3329038503
0818763586
0626460771
6553636210
1448957504
6035626612
1817878253
4227431221
2104641302
3579132540
1623438152
4012131966
7051376144
4865030082
6240079316
6625394634
4741579863
2583542206
6971044137
9033664227
7268867336
5147303608
3849749843
8912060456
2318151744
8124505090
0274619889
4492279969
7038830989
9656734213
6374484492
6481660167
7810288119
4543535149
9283695150
5015182397
8043557415
1859280485
5925504988
3140890470
5157791007
1588158728
5348804611
8501653398
5182694819
4895754492
1695065792
5624244674
4388017386
5197464667
1094713289
3827294708
5356962876
2734800166
1347927425
9269794067
6850011944
2094127821
8865091801
3405249333
1823521238
4848950836
8341120357
3851204518
0903164619
4650854151
8365454174
3898002521
4447807721
1566451991
2488763259
2499744958
5866129710
8651103826
8482729831
4982356854
4082559491
7326574871
7860042193
4148173147
6608730646
3611375675
4107982560
4495401183
1833104122
5162435160
6412007737
6667290912
3626558376
6569254436
4128842904
2991458387
3907809240
6001681421
3591325883
2294881106
5295163563
8722425198
5242383126
3991854720
9491769549
9505562900
3669236962
7943783786
2951553144
6875650157
9228958022
7562204848
0096928099
9911359578
4782156730
1701914915
8573009297
2639576245
0209881615
8516274675
8497205161
2884312389
5288765195
1246043850
8268100874
7486160890
5337434735
6669354258
5517145897
9594379305
5043938570
8360166977
7193085759
0733707889
2570046860
4387143539
0822745882
2437117727
9385127441
2460721334
9737508659
1974879057
3543572621
7314420728
5026163361
8174648067
1268155416
6394871829
9397167906
2981970356
5425176928
7503775532
0999212690
2975170346
0609585976
1764000470
9743446344
3936003418
4252488749
1539405465
0399250096
1076035826
2084505412
2497990465
0377875475
8437669858
2841756541
1613465119
5305522978
6421571047
2936659910
7902181126
5375513032
2581290032
5862699779
5806412976
5557443832
1176595841
3948679412
5908632530
0781501055
5247610826
9055312664
5386156785
6123360682
8211587680
6004021864
2461334475
4818518667
1099303314
3414096414
6754672373
7884899707
8303485908
8170369057
6508210227
1051417274
0964654302
1003860685
5388597952
0990001286
5973072593
3035735365
7681294878
7307718344
4264735621
4906769628
9931016786
7606205672
6913025623
3062276955
6044930679
1571491923
6079283963
9506225851
1503543711
3317397585
9058487015
7848429325
9163458577
1963618235
6686187722
9659321439
0573601471
9988924028
6450862323
2261955213
4726758487
9028689415
8438167257
3815827665
0105403616
3922870730
7125294696
2595892119
6847145103
2328518137
1213085435
8670638330
6365614924
7265163263
0990973239
8364035604
9784609210
2969551185
7186883176
8521909048
4580047966
6935533191
7279411861
2153703868
8585179087
6615285871
1789293244
1002260881
9946532318
0049712451
1954678375
3467722269
9195641219
2801529278
8781153519
3089800898
6442371127
1648364172
1675101951
2098017112
4298625488
0693425328
9744502387
7626916041
3002899339
5522189532
9773303463
0756816150
2481194042
7410509684
8132571759
4491768742
8105409599
4864142981
0379460577
7978493009
4172584456
9631546067
5067097886
3972552308
7976204134
9320853571
1613976832
2867671190
2817684433
6202522513
5965442316
0081299779
0246319244
9498456414
6671884241
5800081153
5844257363
6201511836
1956972049
8386977108
1180803649
8770563222
4502944560
1101105150
8866485025
7322754379
1756588733
2849638693
6055879643
9263022023
8833944216
8448859228
3401949931
1407617795
3910989917
1758150772
1169493454
5502849125
2290361373
1005594853
6978604773
0466191687
0494001011
9022774517
9349705586
5657486380
3576307496
0125529670
0140882561
7310307698
8116441035
7078951136
9443030376
1499214834
0760237341
8341181207
8752893322
5406850694
2985722108
7080614313
7747145930
4945977618
8784496421
9760685485
2534736876
7759005002
8095461822
0242055192
1315143488
1562453901
6606429037
1208431162
5177839882
5940836721
5621600490
8059864575
5706654501
3436032377
5653627797
7443998245
6927675791
3840712916
3752293970
4396124857
1329411664
5740280707
1270422909
7878740380
4958722596
4670584199
2400682434
4943809950
0630988541
7438599134
6255563975
8993716612
1599994165
7483676333
9157295886
1735611699
9039860690
9096784245
8539488758
2651410398
5977627181
3471608485
9578566799
0273729446
4686875385
4625804158
0962923194
9889969878
4470497777
8565034363
1061740119
4560004816
3309039674
7699263962
1942191795
3877942101
9402820740
9543670782
9435894732
8956471033
2205260558
8248430958
8781279897
9314423602
4619398878
3717901348
2031843228
6096178499
2200589967
3412314714
7495075013
1763299420
9796230290
0632482432
3621988023
4418148872
1523353547
3796367081
5948303309
4086088251
2933257488
5980208231
4868173597
8874564548
3854772735
2187083481
7166683975
6061116068
0059839416
9774506017
6982829709
8574617385
5641330886
7638961825
1787987951
0007954036
8440136338
7936695042
2235912943
5466460554
3333151882
5047341224
1305525953
4550839563
6535605953
6600506699
7361658429
8122699492
3916734709
7005787885
2289518030
0581163840
8503910944
9403127533
3556492401
8351674899
3102768409
8818657765
8016778471
0514894483
6959859805
3199760779
1780604740
2927868420
3461191916
3757057812
3740438545
8610350867
4622799488
0795994749
6582527112
2373032113
5834116843
4393650275
3678247039
1815769008
7304464359
3500122616
1941744302
5698750203
8142435241
8076002402
9389769584
5758852958
1847643146
8849997148
1210875633
7928954394
8040181500
9645631031
6084956795
8691165110
8299360424
2826832073
7937731696
4426912546
8847510619
2192891094
4646278801
0252347138
6383076831
0801902010
6598226839
1409623775
4322633016
9905842130
6786395808
8564940733
8026867994
3402293572
0046782347
9913445032
4163605971
3734651519
5594281550
0583517154
6335839528
0808059684
0392140830
4816350276
0295169415
4608003256
4290290405
7429007361
6310882352
9586405532
4057599475
9188354206
0608478866
9946526732
3819405855
6121604175
2448777129
7888522378
4835223881
9176521428
1170663259
6116440720
3786499462
3020381327
3938397771
0586859565
8824199617
7066967992
6447271842
3681311411
5320850685
2893462699
0102736094
6297511243
9358949728
1444422950
9748343357
2853982563
5440382779
4726535960
3550455732
4428961454
7237779483
1837045529
4504767853
6119605738
9786697373
4274127288
2880870063
1773811139
1959236677
3254002658
0254265376
2876306998
1661679644
8317712099
9924452606
1068197805
0545499380
7196279031
2751790200
5694962039
9063341138
0572582262
1828445172
1917055576
7473084907
8801639234
8339360109
3301826162
1629553479
3477019046
0567014165
7415678987
3822889599
1220917112
4283758924
9381227256
6062856350
2434955397
8912894076
8265520361
4351509996
1471751832
3269854229
2863203222
6409301932
3423484605
8528898877
1742945395
7468457726
2358199239
1084391351
5295344980
9176248006
2538937040
6580332872
4346637255
5228854646
8035175175
0956375993
5102888551
4542313586
4936870399
8863657095
9408124852
8154247292
1843933868
9916299273
0204812118
2351200830
1429847322
4546265590
2014275766
4926433923
3945912318
5053133152
3128731557
4756301314
0624092755
1201508723
7656417534
6410926906
3367327024
1862809223
2299640696
0844477503
2089824675
5321652682
9406704828
3867356191
4205846520
6542121584
2598802708
1009038742
1072432924
3878456425
9904438457
1890696245
9131983297
5816168482
4629923982
2463463842
7301454789
5848961424
7694386711
5023597670
9529924341
5212234422
1084737235
6726951626
7254009109
8944414523
7676599901
7969688020
1107064100
8363446306
6901027579
5086091124
4140959695
9187147669
8124258110
4480582303
2719207764
6352548515
4544782499
1336719598
7743317903
1433235338
8434810800
7774608795
1007525825
8666469663
9792845919
9353944689
7787933955
8571582130
4637430689
3128398796
4668408414
3492619499
2090466120
4118551016
0669636685
5583667386
8345743833
0713761000
6599084055
1109215481
0005994743
7704094037
5425101174
7366052313
1686935203
2073121096
9393349439
6550732701
5618807205
4553414683
4904566023
6274638356
1867826488
1506338468
1931372971
3829529129
5419095126
7485556933
0252993877
6908816702
6302598651
3879102398
4253633759
4331101029
6640856021
8352718825
1647964534
4162168885
0101251973
4320909039
3609885624
8261228358
7525629063
2262173376
6618299081
8527709307
0624739546
0415429421
8478849872
9164208423
8900586952
4013387731
9745042252
7835719354
9708716371
2483493747
8909624301
8265140077
1122715204
1961072301
8017161596
1025556086
5187181891
0492392975
9317381652
7642532931
5159687107
0314565746
2496376547
6926038240
7314659251
5464375911
1355037162
6608131251
7299969541
8573609795
1885458404
9023494422
4194864598
8659208116
1494047740
9536457901
2113197896
4812179422
6697313272
8025404619
9718613845
6901371119
5644349964
9558518540
4309556146
0078546162
4008997929
4501493967
